Time	Energy
0.0000	-98.3047
0.0048	-97.5549
0.0095	-97.4562
0.0143	-97.3184
0.0190	-97.7299
0.0238	-97.4263
0.0285	-97.1736
0.0333	-97.6358
0.0380	-97.6039
0.0428	-97.6818
0.0475	-98.1194
0.0523	-97.7355
0.0570	-98.1246
0.0618	-97.9398
0.0665	-98.5206
0.0713	-97.0567
0.0760	-96.9184
0.0808	-97.2168
0.0855	-97.5493
0.0903	-98.5937
0.0950	-97.7710
0.0998	-97.6504
0.1046	-97.9404
0.1093	-96.6848
0.1141	-97.5043
0.1188	-97.1583
0.1236	-97.6716
0.1283	-97.1227
0.1331	-97.3529
0.1378	-96.2953
0.1426	-96.2549
0.1473	-97.4776
0.1521	-96.4257
0.1568	-97.2614
0.1616	-96.7490
0.1663	-96.8351
0.1711	-96.5811
0.1758	-97.8812
0.1806	-96.7279
0.1853	-97.7230
0.1901	-95.9201
0.1948	-97.4702
0.1996	-96.8705
0.2044	-96.8194
0.2091	-96.9563
0.2139	-97.2404
0.2186	-96.9698
0.2234	-97.8489
0.2281	-97.1462
0.2329	-97.2202
0.2376	-97.0000
0.2424	-97.3003
0.2471	-96.6270
0.2519	-97.2621
0.2566	-95.7321
0.2614	-98.2774
0.2661	-96.3688
0.2709	-96.6132
0.2756	-97.3135
0.2804	-96.4170
0.2851	-97.2418
0.2899	-96.6848
0.2946	-96.2290
0.2994	-95.7843
0.3042	-96.9902
0.3089	-96.7166
0.3137	-96.7773
0.3184	-97.5142
0.3232	-96.6353
0.3279	-96.7442
0.3327	-97.0470
0.3374	-97.0633
0.3422	-96.3827
0.3469	-96.2887
0.3517	-97.2470
0.3564	-97.1619
0.3612	-96.8253
0.3659	-96.8359
0.3707	-96.3902
0.3754	-97.1667
0.3802	-97.1021
0.3849	-97.4242
0.3897	-97.4033
0.3944	-96.5304
0.3992	-97.2630
0.4040	-97.1801
0.4087	-97.6657
0.4135	-97.0338
0.4182	-96.3328
0.4230	-96.8234
0.4277	-96.0572
0.4325	-96.1055
0.4372	-96.8044
0.4420	-97.0097
0.4467	-96.5436
0.4515	-96.5290
0.4562	-97.8453
0.4610	-97.6030
0.4657	-97.4688
0.4705	-96.5517
0.4752	-97.0144
0.4800	-96.9005
0.4847	-97.9649
0.4895	-96.4307
0.4942	-97.2557
0.4990	-96.2242
0.5038	-97.1115
0.5085	-97.2202
0.5133	-97.0567
0.5180	-97.3854
0.5228	-97.8332
0.5275	-96.4671
0.5323	-96.8439
0.5370	-97.2072
0.5418	-97.6077
0.5465	-96.0849
0.5513	-97.5192
0.5560	-97.6836
0.5608	-96.8730
0.5655	-97.8008
0.5703	-97.9776
0.5750	-97.4704
0.5798	-96.8426
0.5845	-98.2399
0.5893	-98.0933
0.5940	-96.0378
0.5988	-96.5919
0.6036	-97.4404
0.6083	-96.9208
0.6131	-97.6237
0.6178	-97.8613
0.6226	-98.0925
0.6273	-97.3603
0.6321	-97.1270
0.6368	-98.4827
0.6416	-99.2500
0.6463	-97.9915
0.6511	-96.6726
0.6558	-97.4050
0.6606	-97.3504
0.6653	-97.8509
0.6701	-96.8730
0.6748	-98.0558
0.6796	-99.0939
0.6843	-97.3409
0.6891	-98.0140
0.6938	-98.2507
0.6986	-97.7588
0.7034	-98.2370
0.7081	-98.8572
0.7129	-97.6039
0.7176	-98.2017
0.7224	-97.9426
0.7271	-98.6873
0.7319	-98.0698
0.7366	-97.9076
0.7414	-97.3655
0.7461	-97.7437
0.7509	-98.1859
0.7556	-98.0160
0.7604	-97.7760
0.7651	-97.7589
0.7699	-98.2402
0.7746	-98.1814
0.7794	-97.9458
0.7841	-99.1306
0.7889	-98.1597
0.7936	-98.3028
0.7984	-98.4299
0.8032	-98.4689
0.8079	-98.7668
0.8127	-98.4287
0.8174	-99.1786
0.8222	-97.3216
0.8269	-97.8665
0.8317	-98.7516
0.8364	-98.0435
0.8412	-97.7161
0.8459	-98.4657
0.8507	-99.2671
0.8554	-98.8541
0.8602	-98.3494
0.8649	-98.4678
0.8697	-98.7427
0.8744	-98.0495
0.8792	-98.5891
0.8839	-98.1270
0.8887	-97.6523
0.8934	-98.1503
0.8982	-99.0019
0.9030	-98.3037
0.9077	-98.4437
0.9125	-97.8267
0.9172	-98.0686
0.9220	-98.9608
0.9267	-98.2320
0.9315	-98.7149
0.9362	-97.8602
0.9410	-99.1130
0.9457	-97.9211
0.9505	-98.0035
0.9552	-97.6562
0.9600	-98.0445
0.9647	-98.5709
0.9695	-98.4353
0.9742	-97.9604
0.9790	-98.5202
0.9837	-97.9840
0.9885	-98.6037
0.9932	-98.2150
0.9980	-97.9081
1.0028	-98.2727
1.0075	-97.8203
1.0123	-98.0652
1.0170	-97.9454
1.0218	-96.5649
1.0265	-98.5566
1.0313	-99.2821
1.0360	-97.1392
1.0408	-97.4602
1.0455	-98.2566
1.0503	-97.7591
1.0550	-98.3862
1.0598	-97.6884
1.0645	-98.0884
1.0693	-98.3233
1.0740	-98.5086
1.0788	-98.2554
1.0835	-97.4422
1.0883	-97.9738
1.0930	-97.8046
1.0978	-97.4408
1.1026	-98.2913
1.1073	-97.6831
1.1121	-98.0572
1.1168	-97.7835
1.1216	-97.7696
1.1263	-97.2227
1.1311	-98.4061
1.1358	-97.5699
1.1406	-97.7876
1.1453	-97.3033
1.1501	-97.4294
1.1548	-97.4985
1.1596	-97.8284
1.1643	-98.1507
1.1691	-97.6502
1.1738	-96.7649
1.1786	-97.3085
1.1833	-97.8451
1.1881	-98.1756
1.1928	-98.0766
1.1976	-97.3224
1.2024	-97.5588
1.2071	-96.5387
1.2119	-96.1439
1.2166	-96.4576
1.2214	-97.5212
1.2261	-96.4918
1.2309	-97.5684
1.2356	-96.9408
1.2404	-97.9416
1.2451	-96.6972
1.2499	-96.7690
1.2546	-97.8974
1.2594	-98.0531
1.2641	-97.4138
1.2689	-96.4186
1.2736	-96.4549
1.2784	-96.8335
1.2831	-96.3139
1.2879	-96.2831
1.2926	-96.9090
1.2974	-97.7553
1.3022	-96.8835
1.3069	-96.0064
1.3117	-96.9005
1.3164	-96.7341
1.3212	-96.5491
1.3259	-95.3792
1.3307	-95.5011
1.3354	-96.2194
1.3402	-96.3896
1.3449	-96.1177
1.3497	-95.5485
1.3544	-95.6183
1.3592	-96.0210
1.3639	-96.3946
1.3687	-95.4473
1.3734	-95.2571
1.3782	-96.1809
1.3829	-96.4597
1.3877	-96.6926
1.3924	-95.2494
1.3972	-96.1848
1.4020	-96.0628
1.4067	-95.4667
1.4115	-94.5491
1.4162	-95.7080
1.4210	-95.9525
1.4257	-95.3485
1.4305	-96.1290
1.4352	-95.8684
1.4400	-94.8426
1.4447	-95.1963
1.4495	-95.2808
1.4542	-95.4291
1.4590	-95.1823
1.4637	-95.3421
1.4685	-95.9121
1.4732	-94.5413
1.4780	-94.7341
1.4827	-94.4723
1.4875	-95.0408
1.4922	-94.7398
1.4970	-93.5913
1.5018	-95.5355
1.5065	-95.4813
1.5113	-94.8925
1.5160	-93.9341
1.5208	-95.1063
1.5255	-94.3436
1.5303	-95.6367
1.5350	-94.8406
1.5398	-94.5467
1.5445	-94.1653
1.5493	-95.1511
1.5540	-94.1354
1.5588	-93.8488
1.5635	-95.2093
1.5683	-94.3407
1.5730	-94.6813
1.5778	-94.8591
1.5825	-94.6587
1.5873	-95.3719
1.5920	-94.1160
1.5968	-94.1128
1.6016	-94.3065
1.6063	-93.0488
1.6111	-94.6840
1.6158	-93.6523
1.6206	-94.0782
1.6253	-94.1713
1.6301	-94.6031
1.6348	-93.9086
1.6396	-93.9316
1.6443	-92.6873
1.6491	-93.2790
1.6538	-93.6700
1.6586	-93.5823
1.6633	-94.5028
1.6681	-94.6618
1.6728	-93.9180
1.6776	-93.9163
1.6823	-94.6440
1.6871	-93.9722
1.6918	-93.4515
1.6966	-92.9648
1.7014	-93.8326
1.7061	-94.0716
1.7109	-94.2400
1.7156	-94.0524
1.7204	-94.2072
1.7251	-93.6711
1.7299	-94.3387
1.7346	-93.9898
1.7394	-94.2754
1.7441	-93.8681
1.7489	-94.0060
1.7536	-93.9744
1.7584	-92.8654
1.7631	-93.9056
1.7679	-94.3315
1.7726	-93.9799
1.7774	-94.1514
1.7821	-92.8796
1.7869	-93.8286
1.7916	-94.1954
1.7964	-92.8418
1.8012	-93.7923
1.8059	-93.9125
1.8107	-94.1293
1.8154	-93.3087
1.8202	-92.6016
1.8249	-93.6791
1.8297	-93.0306
1.8344	-93.8996
1.8392	-93.4418
1.8439	-93.1176
1.8487	-93.2525
1.8534	-93.2182
1.8582	-94.3248
1.8629	-93.4491
1.8677	-93.7287
1.8724	-93.7274
1.8772	-93.3412
1.8819	-93.7279
1.8867	-93.4651
1.8914	-93.5600
1.8962	-92.8618
1.9010	-94.1546
1.9057	-93.6996
1.9105	-92.7451
1.9152	-94.2734
1.9200	-93.5617
1.9247	-94.0455
1.9295	-93.9351
1.9342	-93.1778
1.9390	-93.0241
1.9437	-93.1369
1.9485	-93.9428
1.9532	-94.4631
1.9580	-93.8976
1.9627	-92.5863
1.9675	-93.6658
1.9722	-93.2073
1.9770	-93.4205
1.9817	-94.2392
1.9865	-92.9173
1.9912	-93.3278
1.9960	-93.6990
2.0008	-94.2269
2.0055	-94.3287
2.0103	-94.9303
2.0150	-93.4657
2.0198	-94.0248
2.0245	-94.9495
2.0293	-94.0501
2.0340	-93.8331
2.0388	-93.9274
2.0435	-93.6632
2.0483	-92.7512
2.0530	-93.1439
2.0578	-94.3897
2.0625	-94.6767
2.0673	-93.9186
2.0720	-93.6012
2.0768	-93.8062
2.0815	-94.2982
2.0863	-94.0240
2.0910	-94.0435
2.0958	-93.9109
2.1006	-94.0794
2.1053	-94.7674
2.1101	-95.5011
2.1148	-94.5042
2.1196	-94.4223
2.1243	-95.1720
2.1291	-94.1388
2.1338	-94.1141
2.1386	-94.4507
2.1433	-93.7701
2.1481	-94.3989
2.1528	-95.0409
2.1576	-94.7206
2.1623	-94.5725
2.1671	-94.3617
2.1718	-93.4829
2.1766	-94.6349
2.1813	-95.4220
2.1861	-94.4184
2.1908	-93.5398
2.1956	-93.9410
2.2004	-94.5530
2.2051	-94.0715
2.2099	-93.8495
2.2146	-94.7517
2.2194	-94.7887
2.2241	-95.2408
2.2289	-94.5961
2.2336	-94.5730
2.2384	-95.4016
2.2431	-94.6343
2.2479	-94.5472
2.2526	-95.3058
2.2574	-94.7106
2.2621	-94.3360
2.2669	-94.6581
2.2716	-94.9547
2.2764	-94.4132
2.2811	-95.2012
2.2859	-94.5382
2.2906	-95.6196
2.2954	-94.3535
2.3002	-95.2236
2.3049	-95.7853
2.3097	-95.5051
2.3144	-95.2930
2.3192	-95.4561
2.3239	-95.8633
2.3287	-95.7689
2.3334	-95.1287
2.3382	-94.8073
2.3429	-95.2593
2.3477	-94.8367
2.3524	-95.2237
2.3572	-94.9239
2.3619	-94.5520
2.3667	-95.9594
2.3714	-95.6958
2.3762	-94.2685
2.3809	-96.0784
2.3857	-95.6316
2.3904	-95.9644
2.3952	-95.0436
2.3999	-95.5761
2.4047	-96.1665
2.4095	-96.5608
2.4142	-96.2345
2.4190	-96.3289
2.4237	-96.6947
2.4285	-95.7664
2.4332	-95.9320
2.4380	-95.5545
2.4427	-97.0404
2.4475	-96.1530
2.4522	-97.0443
2.4570	-95.8662
2.4617	-96.0646
2.4665	-95.5141
2.4712	-95.6452
2.4760	-96.6464
2.4807	-96.7937
2.4855	-96.7764
2.4902	-96.4437
2.4950	-96.6916
2.4997	-96.2003
2.5045	-96.2749
2.5093	-97.1895
2.5140	-96.4344
2.5188	-96.3122
2.5235	-96.6406
2.5283	-96.4550
2.5330	-96.8081
2.5378	-96.5274
2.5425	-96.9546
2.5473	-96.6137
2.5520	-98.4518
2.5568	-96.5664
2.5615	-97.3132
2.5663	-96.2194
2.5710	-96.5784
2.5758	-96.5311
2.5805	-96.1092
2.5853	-96.3605
2.5900	-96.3434
2.5948	-96.6855
2.5995	-97.0145
2.6043	-98.1849
2.6091	-96.5342
2.6138	-97.0255
2.6186	-97.4401
2.6233	-97.3484
2.6281	-97.6859
2.6328	-97.2838
2.6376	-97.9991
2.6423	-97.9081
2.6471	-97.0868
2.6518	-97.1059
2.6566	-97.7611
2.6613	-97.9289
2.6661	-98.1189
2.6708	-97.8832
2.6756	-97.4902
2.6803	-98.3601
2.6851	-97.5565
2.6898	-97.4070
2.6946	-97.7473
2.6993	-97.9924
2.7041	-97.9346
2.7089	-98.3630
2.7136	-98.5890
2.7184	-98.8174
2.7231	-98.0620
2.7279	-98.7446
2.7326	-98.0090
2.7374	-98.1802
2.7421	-98.5217
2.7469	-98.5960
2.7516	-98.0156
2.7564	-98.5691
2.7611	-98.3058
2.7659	-98.4982
2.7706	-98.3231
2.7754	-99.1981
2.7801	-98.7938
2.7849	-97.9726
2.7896	-98.7586
2.7944	-99.2208
2.7991	-98.2500
2.8039	-99.1702
2.8087	-98.7248
2.8134	-99.1211
2.8182	-99.6885
2.8229	-99.7196
2.8277	-99.4072
2.8324	-97.8769
2.8372	-98.7321
2.8419	-99.5693
2.8467	-99.9346
2.8514	-99.8612
2.8562	-99.3322
2.8609	-99.4529
2.8657	-98.9082
2.8704	-99.6514
2.8752	-99.7503
2.8799	-99.7463
2.8847	-100.4113
2.8894	-99.7924
2.8942	-99.9758
2.8989	-99.4803
2.9037	-99.9382
2.9085	-100.2392
2.9132	-100.2614
2.9180	-99.2456
2.9227	-100.0065
2.9275	-100.7266
2.9322	-100.0282
2.9370	-100.3565
2.9417	-100.6351
2.9465	-100.4001
2.9512	-101.1198
2.9560	-100.6661
2.9607	-100.8277
2.9655	-100.9757
2.9702	-99.7415
2.9750	-100.7011
2.9797	-100.6516
2.9845	-101.9896
2.9892	-100.6910
2.9940	-100.2408
2.9987	-100.8517
3.0035	-99.7244
3.0083	-101.3551
3.0130	-101.0188
3.0178	-101.6819
3.0225	-98.7858
3.0273	-101.5041
3.0320	-100.5303
3.0368	-101.1107
3.0415	-101.4910
3.0463	-100.9415
3.0510	-101.2141
3.0558	-100.9221
3.0605	-101.4107
3.0653	-101.1875
3.0700	-102.0307
3.0748	-100.7892
3.0795	-101.6297
3.0843	-101.8029
3.0890	-101.7284
3.0938	-100.6968
3.0985	-101.5945
3.1033	-102.3084
3.1081	-102.5225
3.1128	-101.8936
3.1176	-101.7622
3.1223	-102.3379
3.1271	-101.8347
3.1318	-101.6341
3.1366	-101.8327
3.1413	-102.1890
3.1461	-102.5634
3.1508	-102.4036
3.1556	-101.1916
3.1603	-101.8426
3.1651	-101.9191
3.1698	-102.4446
3.1746	-102.0270
3.1793	-101.9408
3.1841	-103.1366
3.1888	-102.9336
3.1936	-102.0764
3.1983	-101.2488
3.2031	-102.4603
3.2079	-102.2913
3.2126	-101.9876
3.2174	-103.1007
3.2221	-102.8887
3.2269	-102.9146
3.2316	-101.6495
3.2364	-103.1874
3.2411	-102.0809
3.2459	-102.4337
3.2506	-103.1931
3.2554	-102.5264
3.2601	-103.7678
3.2649	-102.3217
3.2696	-103.1695
3.2744	-102.5528
3.2791	-103.1012
3.2839	-102.8690
3.2886	-102.6782
3.2934	-102.4547
3.2981	-102.5049
3.3029	-102.5457
3.3077	-102.6988
3.3124	-103.9119
3.3172	-103.7962
3.3219	-103.6301
3.3267	-102.0798
3.3314	-103.1122
3.3362	-102.7493
3.3409	-102.6712
3.3457	-103.0505
3.3504	-103.3667
3.3552	-103.9796
3.3599	-103.7417
3.3647	-103.7199
3.3694	-102.2059
3.3742	-103.3839
3.3789	-102.3574
3.3837	-102.7936
3.3884	-102.3201
3.3932	-102.9490
3.3979	-102.1715
3.4027	-103.1536
3.4075	-102.8414
3.4122	-102.9267
3.4170	-103.0943
3.4217	-103.6394
3.4265	-103.4803
3.4312	-104.5797
3.4360	-103.0742
3.4407	-103.5092
3.4455	-102.5134
3.4502	-103.6984
3.4550	-103.6257
3.4597	-103.2502
3.4645	-102.6182
3.4692	-103.3181
3.4740	-103.1125
3.4787	-103.3844
3.4835	-103.3363
3.4882	-103.4795
3.4930	-103.4083
3.4977	-102.3531
3.5025	-103.9549
3.5073	-104.5120
3.5120	-102.4635
3.5168	-103.2293
3.5215	-103.4754
3.5263	-103.6173
3.5310	-103.4137
3.5358	-103.6272
3.5405	-103.8473
3.5453	-102.8389
3.5500	-103.9762
3.5548	-103.4414
3.5595	-102.9705
3.5643	-102.7755
3.5690	-102.4984
3.5738	-103.8783
3.5785	-102.8352
3.5833	-103.4917
3.5880	-102.8111
3.5928	-103.4474
3.5975	-102.2436
3.6023	-103.8760
3.6071	-103.8560
3.6118	-103.1190
3.6166	-103.3001
3.6213	-103.8733
3.6261	-103.1106
3.6308	-103.8741
3.6356	-102.9854
3.6403	-104.0740
3.6451	-103.1005
3.6498	-101.9142
3.6546	-102.7791
3.6593	-102.9222
3.6641	-102.2313
3.6688	-103.3055
3.6736	-102.5021
3.6783	-103.0907
3.6831	-103.6218
3.6878	-102.1886
3.6926	-102.3833
3.6973	-103.2780
3.7021	-102.5896
3.7069	-102.2911
3.7116	-103.2601
3.7164	-102.6576
3.7211	-102.7751
3.7259	-102.8812
3.7306	-102.5897
3.7354	-103.4791
3.7401	-101.9244
3.7449	-102.3030
3.7496	-101.8026
3.7544	-101.9440
3.7591	-101.8635
3.7639	-102.8676
3.7686	-102.8760
3.7734	-103.0639
3.7781	-102.6127
3.7829	-102.9047
3.7876	-101.9490
3.7924	-102.8130
3.7971	-102.3153
3.8019	-102.3748
3.8067	-103.2022
3.8114	-101.4501
3.8162	-103.6183
3.8209	-101.9878
3.8257	-102.0116
3.8304	-102.2123
3.8352	-102.1167
3.8399	-102.5094
3.8447	-101.6117
3.8494	-102.3689
3.8542	-101.1436
3.8589	-102.4165
3.8637	-102.0380
3.8684	-102.5064
3.8732	-101.2834
3.8779	-102.0593
3.8827	-101.2528
3.8874	-101.0183
3.8922	-102.2076
3.8969	-102.5468
3.9017	-102.5605
3.9065	-102.7399
3.9112	-101.5426
3.9160	-101.5525
3.9207	-101.8544
3.9255	-101.3460
3.9302	-101.8817
3.9350	-102.6826
3.9397	-101.9650
3.9445	-102.0070
3.9492	-102.7292
3.9540	-101.2481
3.9587	-101.2674
3.9635	-102.3956
3.9682	-101.9265
3.9730	-101.7351
3.9777	-101.5655
3.9825	-102.5352
3.9872	-100.9581
3.9920	-101.1922
3.9967	-101.2634
4.0015	-101.6929
4.0063	-101.7507
4.0110	-101.6970
4.0158	-101.8737
4.0205	-101.1722
4.0253	-101.4200
4.0300	-101.3264
4.0348	-102.0658
4.0395	-101.3742
4.0443	-101.0612
4.0490	-102.3171
4.0538	-102.2967
4.0585	-100.9741
4.0633	-101.7807
4.0680	-101.3007
4.0728	-101.2591
4.0775	-101.6704
4.0823	-101.8477
4.0870	-101.7267
4.0918	-101.6538
4.0965	-102.1394
4.1013	-100.4101
4.1061	-101.1670
4.1108	-101.5982
4.1156	-101.9042
4.1203	-102.0949
4.1251	-101.5531
4.1298	-101.1919
4.1346	-101.7254
4.1393	-101.3367
4.1441	-101.4290
4.1488	-102.6144
4.1536	-102.1275
4.1583	-101.4021
4.1631	-102.5997
4.1678	-101.7258
4.1726	-101.8250
4.1773	-101.5972
4.1821	-101.2956
4.1868	-103.1066
4.1916	-101.5109
4.1963	-101.7448
4.2011	-101.9768
4.2059	-102.5589
4.2106	-101.7981
4.2154	-102.5104
4.2201	-100.8178
4.2249	-102.3792
4.2296	-102.2941
4.2344	-101.5628
4.2391	-101.9509
4.2439	-101.9083
4.2486	-102.5718
4.2534	-101.6669
4.2581	-101.5732
4.2629	-102.6511
4.2676	-102.5108
4.2724	-101.3681
4.2771	-103.0066
4.2819	-102.0700
4.2866	-102.7524
4.2914	-102.8421
4.2961	-102.5141
4.3009	-101.9321
4.3057	-102.6511
4.3104	-102.6997
4.3152	-102.5173
4.3199	-102.4427
4.3247	-102.1947
4.3294	-103.1064
4.3342	-103.0843
4.3389	-102.6347
4.3437	-102.4765
4.3484	-103.1969
4.3532	-103.7832
4.3579	-102.7305
4.3627	-103.6430
4.3674	-103.3135
4.3722	-102.5074
4.3769	-102.6047
4.3817	-103.3872
4.3864	-102.9757
4.3912	-102.6917
4.3959	-103.5361
4.4007	-103.0997
4.4055	-103.0728
4.4102	-103.1280
4.4150	-103.8747
4.4197	-104.0011
4.4245	-103.1074
4.4292	-103.4083
4.4340	-103.1183
4.4387	-103.8445
4.4435	-104.1485
4.4482	-103.2938
4.4530	-103.9540
4.4577	-103.6542
4.4625	-103.4163
4.4672	-103.3901
4.4720	-103.2061
4.4767	-104.2448
4.4815	-103.8335
4.4862	-103.2876
4.4910	-104.3648
4.4957	-103.4476
4.5005	-103.6089
4.5053	-104.6106
4.5100	-103.7225
4.5148	-103.3014
4.5195	-104.0857
4.5243	-104.2403
4.5290	-105.0301
4.5338	-103.8408
4.5385	-104.5264
4.5433	-104.3900
4.5480	-105.2361
4.5528	-103.1424
4.5575	-103.8177
4.5623	-103.3337
4.5670	-104.4236
4.5718	-105.0884
4.5765	-104.4129
4.5813	-104.5958
4.5860	-104.8445
4.5908	-103.8292
4.5955	-104.8764
4.6003	-105.4028
4.6051	-104.8540
4.6098	-105.0227
4.6146	-104.1799
4.6193	-104.9737
4.6241	-105.0478
4.6288	-105.4108
4.6336	-104.3945
4.6383	-104.5705
4.6431	-105.3060
4.6478	-104.4269
4.6526	-105.1719
4.6573	-105.0164
4.6621	-105.1816
4.6668	-105.1382
4.6716	-105.6735
4.6763	-105.2923
4.6811	-105.7099
4.6858	-106.4710
4.6906	-105.6256
4.6953	-105.0710
4.7001	-105.0664
4.7049	-106.3322
4.7096	-105.0435
4.7144	-106.2310
4.7191	-105.5948
4.7239	-105.8781
4.7286	-106.3085
4.7334	-105.9559
4.7381	-104.7226
4.7429	-106.0376
4.7476	-105.4227
4.7524	-105.7784
4.7571	-105.5842
4.7619	-106.3993
4.7666	-105.7958
4.7714	-105.6552
4.7761	-106.3207
4.7809	-107.0442
4.7856	-106.0462
4.7904	-105.7859
4.7951	-106.1111
4.7999	-106.1999
4.8047	-105.7566
4.8094	-105.3717
4.8142	-106.8427
4.8189	-106.4978
4.8237	-106.1925
4.8284	-106.4363
4.8332	-106.2030
4.8379	-105.4428
4.8427	-106.1506
4.8474	-105.6973
4.8522	-106.5408
4.8569	-105.7117
4.8617	-106.3705
4.8664	-106.9213
4.8712	-106.2951
4.8759	-106.9019
4.8807	-106.6986
4.8854	-106.7478
4.8902	-106.1901
4.8949	-105.0964
4.8997	-106.8437
4.9045	-105.8647
4.9092	-106.9340
4.9140	-106.7107
4.9187	-105.5819
4.9235	-106.5797
4.9282	-105.8174
4.9330	-106.1837
4.9377	-106.7803
4.9425	-106.2091
4.9472	-106.2853
4.9520	-106.6882
4.9567	-105.9823
4.9615	-106.0280
4.9662	-106.3561
4.9710	-106.2331
4.9757	-106.3540
4.9805	-107.1385
4.9852	-106.1498
4.9900	-106.5089
4.9947	-106.2435
4.9995	-106.7487
5.0043	-106.1571
5.0090	-106.8067
5.0138	-106.6559
5.0185	-106.7291
5.0233	-106.9221
5.0280	-106.1260
5.0328	-106.1049
5.0375	-106.6034
5.0423	-106.6602
5.0470	-107.2076
5.0518	-106.1622
5.0565	-107.8291
5.0613	-105.9870
5.0660	-106.1825
5.0708	-105.5797
5.0755	-105.8311
5.0803	-105.9896
5.0850	-105.1454
5.0898	-105.7065
5.0945	-107.0142
5.0993	-106.4494
5.1041	-105.9528
5.1088	-106.0047
5.1136	-106.7302
5.1183	-106.3918
5.1231	-107.2133
5.1278	-105.6101
5.1326	-105.7181
5.1373	-107.0323
5.1421	-106.8988
5.1468	-106.1692
5.1516	-106.3714
5.1563	-104.9649
5.1611	-106.4814
5.1658	-106.8806
5.1706	-105.3307
5.1753	-106.0445
5.1801	-107.2436
5.1848	-106.5752
5.1896	-105.4084
5.1943	-106.7636
5.1991	-105.2743
5.2039	-105.4618
5.2086	-106.2868
5.2134	-104.5283
5.2181	-105.8300
5.2229	-106.0006
5.2276	-105.5496
5.2324	-106.1556
5.2371	-106.0511
5.2419	-105.9384
5.2466	-105.9961
5.2514	-106.3143
5.2561	-105.9859
5.2609	-105.1152
5.2656	-105.8973
5.2704	-104.8562
5.2751	-106.9871
5.2799	-105.8267
5.2846	-106.1883
5.2894	-106.2446
5.2941	-105.6204
5.2989	-106.0420
5.3037	-105.4807
5.3084	-105.9034
5.3132	-106.6470
5.3179	-104.3229
5.3227	-105.6623
5.3274	-105.4804
5.3322	-105.0982
5.3369	-105.4594
5.3417	-105.7285
5.3464	-105.4878
5.3512	-105.3633
5.3559	-104.5027
5.3607	-105.6129
5.3654	-106.0515
5.3702	-105.3768
5.3749	-105.9313
5.3797	-105.4974
5.3844	-104.3633
5.3892	-105.1332
5.3939	-105.1232
5.3987	-105.2335
5.4035	-105.1300
5.4082	-105.6763
5.4130	-104.2920
5.4177	-104.7492
5.4225	-104.4300
5.4272	-105.4781
5.4320	-104.5162
5.4367	-105.1703
5.4415	-103.9878
5.4462	-105.5171
5.4510	-104.8614
5.4557	-104.8732
5.4605	-104.9280
5.4652	-105.0896
5.4700	-104.4563
5.4747	-103.7000
5.4795	-104.2266
5.4842	-104.4736
5.4890	-104.6739
5.4937	-104.4882
5.4985	-104.3667
5.5033	-104.8014
5.5080	-104.2210
5.5128	-104.7394
5.5175	-104.5936
5.5223	-104.2673
5.5270	-104.7347
5.5318	-104.3590
5.5365	-104.5438
5.5413	-104.9607
5.5460	-105.1325
5.5508	-105.3135
5.5555	-103.8871
5.5603	-104.2583
5.5650	-104.8632
5.5698	-103.6586
5.5745	-103.7853
5.5793	-104.0988
5.5840	-103.2177
5.5888	-103.9925
5.5935	-103.6757
5.5983	-103.8057
5.6031	-103.5011
5.6078	-103.4180
5.6126	-104.2193
5.6173	-103.4418
5.6221	-103.4670
5.6268	-103.8084
5.6316	-102.8582
5.6363	-102.9590
5.6411	-103.9652
5.6458	-102.7912
5.6506	-103.7447
5.6553	-103.6272
5.6601	-104.3016
5.6648	-103.3641
5.6696	-103.8558
5.6743	-102.9621
5.6791	-103.0760
5.6838	-103.5295
5.6886	-102.6886
5.6933	-103.0636
5.6981	-102.7262
5.7029	-104.0772
5.7076	-103.7757
5.7124	-103.0489
5.7171	-103.2877
5.7219	-103.0920
5.7266	-102.5185
5.7314	-102.8090
5.7361	-102.5091
5.7409	-102.2697
5.7456	-102.4308
5.7504	-102.6309
5.7551	-102.9625
5.7599	-103.0876
5.7646	-102.5633
5.7694	-102.2526
5.7741	-102.5051
5.7789	-102.2064
5.7836	-102.5321
5.7884	-102.9464
5.7931	-102.0679
5.7979	-103.0076
5.8027	-102.8035
5.8074	-102.5945
5.8122	-102.1432
5.8169	-102.4048
5.8217	-102.5163
5.8264	-101.6685
5.8312	-102.8137
5.8359	-101.9138
5.8407	-102.8864
5.8454	-101.9541
5.8502	-102.2222
5.8549	-101.8676
5.8597	-101.1540
5.8644	-101.4837
5.8692	-102.2890
5.8739	-101.5295
5.8787	-100.6596
5.8834	-101.2454
5.8882	-102.5413
5.8929	-101.9221
5.8977	-101.0483
5.9025	-101.5624
5.9072	-101.4314
5.9120	-100.8371
5.9167	-101.9273
5.9215	-101.2289
5.9262	-100.8579
5.9310	-101.1492
5.9357	-101.1012
5.9405	-100.7385
5.9452	-101.7477
5.9500	-101.2743
5.9547	-100.7428
5.9595	-100.0114
5.9642	-101.1633
5.9690	-100.8315
5.9737	-101.2747
5.9785	-100.6934
5.9832	-100.3652
5.9880	-100.9730
5.9927	-100.9469
5.9975	-101.2123
6.0023	-100.5797
6.0070	-101.1805
6.0118	-101.2031
6.0165	-100.4820
6.0213	-100.4462
6.0260	-99.8341
6.0308	-99.6454
6.0355	-100.7995
6.0403	-100.6661
6.0450	-100.3935
6.0498	-99.8398
6.0545	-99.7263
6.0593	-99.5675
6.0640	-99.9028
6.0688	-100.0303
6.0735	-99.8440
6.0783	-100.4654
6.0830	-99.6464
6.0878	-99.5539
6.0925	-99.4035
6.0973	-99.8115
6.1021	-99.2013
6.1068	-99.2837
6.1116	-99.0812
6.1163	-99.5782
6.1211	-99.1947
6.1258	-99.0529
6.1306	-99.3656
6.1353	-99.4783
6.1401	-98.0160
6.1448	-99.1279
6.1496	-99.1393
6.1543	-100.0291
6.1591	-99.4761
6.1638	-99.4335
6.1686	-98.2251
6.1733	-99.5074
6.1781	-99.2981
6.1828	-98.3770
6.1876	-98.5184
6.1923	-99.0756
6.1971	-98.5180
6.2019	-97.6030
6.2066	-98.4572
6.2114	-98.7122
6.2161	-98.1273
6.2209	-98.6147
6.2256	-99.1213
6.2304	-98.7996
6.2351	-98.3940
6.2399	-97.9696
6.2446	-98.4894
6.2494	-98.6848
6.2541	-98.7980
6.2589	-98.0197
6.2636	-98.1942
6.2684	-98.8451
6.2731	-97.7146
6.2779	-98.4267
6.2826	-98.1914
6.2874	-98.2119
6.2921	-97.9397
6.2969	-97.8791
6.3017	-97.9952
6.3064	-97.8279
6.3112	-97.0684
6.3159	-97.6518
6.3207	-97.5904
6.3254	-97.2427
6.3302	-98.2529
6.3349	-97.8585
6.3397	-98.8234
6.3444	-98.1477
6.3492	-96.2961
6.3539	-97.0753
6.3587	-97.3001
6.3634	-97.2709
6.3682	-98.0489
6.3729	-97.1463
6.3777	-97.3475
6.3824	-97.8103
6.3872	-96.8792
6.3919	-97.2607
6.3967	-96.8782
6.4015	-96.3250
6.4062	-96.5549
6.4110	-97.3933
6.4157	-96.9437
6.4205	-97.0790
6.4252	-97.4075
6.4300	-97.1821
6.4347	-96.4421
6.4395	-96.7852
6.4442	-96.5311
6.4490	-96.5982
6.4537	-97.5683
6.4585	-97.7466
6.4632	-96.9402
6.4680	-96.4674
6.4727	-97.2995
6.4775	-96.4274
6.4822	-96.6317
6.4870	-96.3157
6.4917	-97.3755
6.4965	-96.2789
6.5013	-96.4388
6.5060	-97.0909
6.5108	-95.8665
6.5155	-95.8758
6.5203	-97.4900
6.5250	-95.7748
6.5298	-96.8488
6.5345	-96.8197
6.5393	-96.1458
6.5440	-96.6944
6.5488	-97.0079
6.5535	-97.1534
6.5583	-97.1376
6.5630	-96.9521
6.5678	-96.6278
6.5725	-96.7238
6.5773	-96.9889
6.5820	-96.5489
6.5868	-97.1353
6.5915	-96.6440
6.5963	-96.9819
6.6011	-96.7350
6.6058	-97.0582
6.6106	-96.5023
6.6153	-96.3248
6.6201	-97.1560
6.6248	-96.5735
6.6296	-97.1947
6.6343	-97.5859
6.6391	-97.2462
6.6438	-96.6018
6.6486	-96.9253
6.6533	-96.8279
6.6581	-96.6217
6.6628	-96.1535
6.6676	-96.8148
6.6723	-97.1396
6.6771	-96.7507
6.6818	-96.1853
6.6866	-97.1667
6.6913	-97.0796
6.6961	-97.2887
6.7009	-97.5406
6.7056	-97.4847
6.7104	-97.3580
6.7151	-96.6403
6.7199	-96.6764
6.7246	-96.2199
6.7294	-96.8861
6.7341	-95.5469
6.7389	-97.4314
6.7436	-96.6358
6.7484	-97.2900
6.7531	-96.8838
6.7579	-96.8482
6.7626	-96.1884
6.7674	-97.0555
6.7721	-97.5603
6.7769	-98.8015
6.7816	-96.9551
6.7864	-96.6161
6.7911	-97.0021
6.7959	-97.8384
6.8007	-97.2904
6.8054	-97.4908
6.8102	-97.3417
6.8149	-96.9151
6.8197	-97.0747
6.8244	-96.9180
6.8292	-97.6505
6.8339	-97.2639
6.8387	-97.0595
6.8434	-97.3023
6.8482	-96.8289
6.8529	-96.9935
6.8577	-97.4106
6.8624	-96.2762
6.8672	-98.6929
6.8719	-97.4142
6.8767	-97.4109
6.8814	-97.6995
6.8862	-97.9220
6.8909	-97.0078
6.8957	-97.0325
6.9005	-98.3726
6.9052	-97.6321
6.9100	-97.4723
6.9147	-97.9273
6.9195	-97.1155
6.9242	-97.6074
6.9290	-97.8153
6.9337	-96.9145
6.9385	-97.3818
6.9432	-97.8346
6.9480	-97.3777
6.9527	-98.0583
6.9575	-98.0369
6.9622	-98.6295
6.9670	-97.5824
6.9717	-97.8458
6.9765	-97.5332
6.9812	-98.0927
6.9860	-97.2658
6.9907	-97.4528
6.9955	-98.0506
7.0003	-97.9008
7.0050	-97.8959
7.0098	-98.0969
7.0145	-98.7009
7.0193	-99.0685
7.0240	-98.1376
7.0288	-98.4286
7.0335	-97.8728
7.0383	-98.9761
7.0430	-98.6313
7.0478	-97.7463
7.0525	-98.6870
7.0573	-98.4347
7.0620	-97.8672
7.0668	-98.3402
7.0715	-98.8649
7.0763	-97.4883
7.0810	-97.4476
7.0858	-97.8921
7.0905	-98.2428
7.0953	-98.6793
7.1001	-98.8852
7.1048	-98.2897
7.1096	-99.3383
7.1143	-98.2878
7.1191	-97.6067
7.1238	-98.7189
7.1286	-98.4674
7.1333	-99.2694
7.1381	-98.9227
7.1428	-98.6865
7.1476	-98.6071
7.1523	-97.1555
7.1571	-98.7522
7.1618	-98.5551
7.1666	-97.8552
7.1713	-98.0416
7.1761	-98.6415
7.1808	-97.6147
7.1856	-98.2763
7.1903	-98.6511
7.1951	-98.0707
7.1998	-97.9859
7.2046	-98.4004
7.2094	-99.2061
7.2141	-98.4701
7.2189	-98.8124
7.2236	-99.0620
7.2284	-97.8820
7.2331	-98.2211
7.2379	-97.9025
7.2426	-98.3251
7.2474	-97.5083
7.2521	-97.8060
7.2569	-97.9964
7.2616	-98.2307
7.2664	-98.1070
7.2711	-98.7683
7.2759	-97.9600
7.2806	-97.5925
7.2854	-98.3227
7.2901	-98.5209
7.2949	-98.1891
7.2996	-97.9529
7.3044	-97.5238
7.3092	-98.3504
7.3139	-97.6755
7.3187	-97.7677
7.3234	-98.6442
7.3282	-97.8066
7.3329	-97.1895
7.3377	-98.3506
7.3424	-98.2218
7.3472	-97.5427
7.3519	-97.7796
7.3567	-97.3052
7.3614	-98.1877
7.3662	-98.3881
7.3709	-96.9811
7.3757	-98.2252
7.3804	-97.5428
7.3852	-98.0479
7.3899	-96.9443
7.3947	-96.9666
7.3994	-98.2450
7.4042	-98.0734
7.4090	-96.6026
7.4137	-96.6359
7.4185	-97.4914
7.4232	-97.7713
7.4280	-97.4993
7.4327	-97.5469
7.4375	-97.6278
7.4422	-97.1648
7.4470	-98.0047
7.4517	-98.0322
7.4565	-97.1095
7.4612	-97.2850
7.4660	-97.7783
7.4707	-97.2883
7.4755	-97.7413
7.4802	-96.9498
7.4850	-97.5315
7.4897	-96.9130
7.4945	-96.9526
7.4992	-97.5316
7.5040	-96.5344
7.5088	-97.7885
7.5135	-96.7055
7.5183	-96.7364
7.5230	-96.2537
7.5278	-97.5380
7.5325	-97.3018
7.5373	-97.1563
7.5420	-96.6138
7.5468	-97.6212
7.5515	-96.9350
7.5563	-96.4237
7.5610	-96.1151
7.5658	-97.3285
7.5705	-97.0957
7.5753	-96.6253
7.5800	-96.7696
7.5848	-96.6821
7.5895	-96.2779
7.5943	-96.8587
7.5990	-96.2339
7.6038	-96.6904
7.6086	-96.0416
7.6133	-95.9127
7.6181	-95.5708
7.6228	-96.3808
7.6276	-95.9380
7.6323	-96.9356
7.6371	-95.4791
7.6418	-95.6941
7.6466	-95.6484
7.6513	-96.3751
7.6561	-96.5440
7.6608	-95.9726
7.6656	-96.6641
7.6703	-95.2717
7.6751	-96.2487
7.6798	-95.8949
7.6846	-96.6633
7.6893	-95.7703
7.6941	-94.9072
7.6988	-95.4967
7.7036	-94.4021
7.7084	-96.2307
7.7131	-95.3073
7.7179	-96.0732
7.7226	-95.1927
7.7274	-96.2286
7.7321	-95.2408
7.7369	-95.2289
7.7416	-94.9170
7.7464	-94.9862
7.7511	-94.8917
7.7559	-95.1652
7.7606	-95.0186
7.7654	-95.5854
7.7701	-95.2893
7.7749	-94.4781
7.7796	-94.8666
7.7844	-95.4449
7.7891	-95.6220
7.7939	-94.5809
7.7986	-94.9505
7.8034	-94.9410
7.8082	-95.2797
7.8129	-95.0172
7.8177	-93.8451
7.8224	-94.6879
7.8272	-95.3995
7.8319	-95.8225
7.8367	-93.8477
7.8414	-94.3651
7.8462	-95.5308
7.8509	-93.6604
7.8557	-94.3567
7.8604	-93.8721
7.8652	-93.2539
7.8699	-94.5042
7.8747	-94.6363
7.8794	-95.0934
7.8842	-94.6746
7.8889	-93.7513
7.8937	-94.8874
7.8984	-94.5557
7.9032	-94.9096
7.9080	-94.5553
7.9127	-94.7193
7.9175	-94.3111
7.9222	-94.6481
7.9270	-94.7145
7.9317	-94.6148
7.9365	-93.7186
7.9412	-94.4551
7.9460	-94.2883
7.9507	-94.2120
7.9555	-93.4967
7.9602	-94.0760
7.9650	-93.9230
7.9697	-93.4587
7.9745	-94.2820
7.9792	-93.7723
7.9840	-94.2682
7.9887	-94.5557
7.9935	-94.6962
7.9982	-94.1411
8.0030	-93.5900
8.0078	-93.4171
8.0125	-93.6120
8.0173	-93.5261
8.0220	-94.0614
8.0268	-92.9246
8.0315	-94.0602
8.0363	-92.7871
8.0410	-93.3069
8.0458	-94.1186
8.0505	-92.8994
8.0553	-93.0068
8.0600	-92.9675
8.0648	-93.7901
8.0695	-93.7447
8.0743	-93.0641
8.0790	-93.9964
8.0838	-94.0040
8.0885	-94.0855
8.0933	-93.5234
8.0980	-93.8210
8.1028	-94.0954
8.1076	-93.3684
8.1123	-93.3525
8.1171	-93.5621
8.1218	-94.5856
8.1266	-92.9960
8.1313	-93.6556
8.1361	-93.9394
8.1408	-93.3305
8.1456	-92.9964
8.1503	-94.1516
8.1551	-92.7995
8.1598	-94.5944
8.1646	-94.9306
8.1693	-93.6643
8.1741	-93.5530
8.1788	-94.0230
8.1836	-93.4971
8.1883	-93.5202
8.1931	-93.9198
8.1978	-92.9367
8.2026	-93.8947
8.2074	-92.6154
8.2121	-93.4841
8.2169	-92.9332
8.2216	-93.9508
8.2264	-93.5926
8.2311	-93.4158
8.2359	-93.8249
8.2406	-93.5502
8.2454	-94.3289
8.2501	-93.8507
8.2549	-93.0996
8.2596	-93.7031
8.2644	-93.0291
8.2691	-93.5364
8.2739	-93.3696
8.2786	-94.6639
8.2834	-93.7169
8.2881	-94.1476
8.2929	-93.9006
8.2976	-92.8640
8.3024	-93.2059
8.3072	-93.7436
8.3119	-94.7424
8.3167	-94.4801
8.3214	-94.0444
8.3262	-94.1232
8.3309	-93.8070
8.3357	-93.7521
8.3404	-93.3045
8.3452	-94.5695
8.3499	-94.1666
8.3547	-94.5910
8.3594	-94.6875
8.3642	-94.4309
8.3689	-93.5048
8.3737	-94.8192
8.3784	-94.2022
8.3832	-93.5812
8.3879	-93.7730
8.3927	-94.5271
8.3974	-94.0422
8.4022	-93.6028
8.4070	-93.8766
8.4117	-94.3187
8.4165	-94.8093
8.4212	-94.5865
8.4260	-94.8116
8.4307	-93.8620
8.4355	-94.3102
8.4402	-94.1994
8.4450	-93.7425
8.4497	-94.3400
8.4545	-94.7179
8.4592	-93.7382
8.4640	-94.7693
8.4687	-94.5325
8.4735	-93.6171
8.4782	-94.5312
8.4830	-94.8838
8.4877	-95.3388
8.4925	-94.8316
8.4972	-95.0937
8.5020	-93.6669
8.5068	-95.3838
8.5115	-93.9550
8.5163	-94.1009
8.5210	-95.8973
8.5258	-95.3469
8.5305	-95.2293
8.5353	-94.3245
8.5400	-94.7272
8.5448	-95.1707
8.5495	-95.2314
8.5543	-94.9043
8.5590	-95.7288
8.5638	-94.5106
8.5685	-95.1751
8.5733	-95.1681
8.5780	-95.5716
8.5828	-95.0912
8.5875	-95.8977
8.5923	-94.9767
8.5970	-95.6021
8.6018	-96.0273
8.6066	-95.5739
8.6113	-95.6434
8.6161	-95.0171
8.6208	-95.1712
8.6256	-95.3531
8.6303	-95.1720
8.6351	-96.0387
8.6398	-95.8683
8.6446	-95.4241
8.6493	-95.4901
8.6541	-95.8483
8.6588	-95.1603
8.6636	-95.6493
8.6683	-95.6517
8.6731	-95.2425
8.6778	-95.4852
8.6826	-95.6204
8.6873	-94.8564
8.6921	-96.4947
8.6968	-95.9865
8.7016	-95.0899
8.7064	-95.7323
8.7111	-96.5184
8.7159	-95.9682
8.7206	-95.9121
8.7254	-95.8542
8.7301	-95.5308
8.7349	-96.6872
8.7396	-95.5541
8.7444	-95.4917
8.7491	-96.1696
8.7539	-96.9486
8.7586	-96.2811
8.7634	-95.7713
8.7681	-96.6126
8.7729	-96.1302
8.7776	-95.8532
8.7824	-96.5255
8.7871	-96.3072
8.7919	-96.3319
8.7966	-96.4745
8.8014	-96.7418
8.8062	-96.9705
8.8109	-96.6735
8.8157	-96.1991
8.8204	-96.4398
8.8252	-97.1646
8.8299	-97.1744
8.8347	-96.6433
8.8394	-96.5926
8.8442	-96.6748
8.8489	-96.7959
8.8537	-96.9581
8.8584	-97.6984
8.8632	-97.1785
8.8679	-96.1531
8.8727	-96.9540
8.8774	-97.2057
8.8822	-96.5824
8.8869	-96.6397
8.8917	-96.2559
8.8964	-98.0290
8.9012	-96.4996
8.9060	-96.9954
8.9107	-98.0588
8.9155	-97.8772
8.9202	-97.3498
8.9250	-97.7910
8.9297	-96.6831
8.9345	-97.5161
8.9392	-97.1143
8.9440	-97.2263
8.9487	-98.3294
8.9535	-97.9653
8.9582	-98.6798
8.9630	-97.3617
8.9677	-97.5570
8.9725	-97.7997
8.9772	-96.6875
8.9820	-97.7010
8.9867	-98.2940
8.9915	-97.4742
8.9962	-97.9645
9.0010	-97.6641
9.0058	-99.0364
9.0105	-97.3272
9.0153	-99.2351
9.0200	-98.5773
9.0248	-98.2905
9.0295	-98.0594
9.0343	-97.8438
9.0390	-98.8002
9.0438	-99.0473
9.0485	-98.4261
9.0533	-98.7971
9.0580	-98.6601
9.0628	-98.6408
9.0675	-98.0959
9.0723	-99.4931
9.0770	-99.2672
9.0818	-99.6691
9.0865	-99.2085
9.0913	-99.8527
9.0960	-99.8410
9.1008	-99.3014
9.1056	-98.4801
9.1103	-98.7092
9.1151	-99.5874
9.1198	-98.9172
9.1246	-98.1291
9.1293	-99.3317
9.1341	-99.8298
9.1388	-100.1308
9.1436	-99.1013
9.1483	-99.5596
9.1531	-99.6024
9.1578	-100.0684
9.1626	-99.4673
9.1673	-99.5620
9.1721	-99.6250
9.1768	-99.1511
9.1816	-99.5421
9.1863	-99.5885
9.1911	-100.6249
9.1958	-99.6411
9.2006	-100.5210
9.2054	-99.7679
9.2101	-99.3375
9.2149	-100.2786
9.2196	-99.5355
9.2244	-100.9444
9.2291	-101.3602
9.2339	-99.7590
9.2386	-100.4802
9.2434	-101.5902
9.2481	-100.0321
9.2529	-100.2684
9.2576	-100.5398
9.2624	-100.9327
9.2671	-100.6561
9.2719	-101.1396
9.2766	-100.9766
9.2814	-100.8561
9.2861	-101.1145
9.2909	-100.3461
9.2956	-101.1954
9.3004	-101.2039
9.3052	-101.1201
9.3099	-100.7865
9.3147	-101.1061
9.3194	-100.9940
9.3242	-100.8044
9.3289	-101.0150
9.3337	-100.8546
9.3384	-100.0676
9.3432	-101.4323
9.3479	-101.8648
9.3527	-101.0719
9.3574	-102.3020
9.3622	-101.2790
9.3669	-101.8618
9.3717	-101.1867
9.3764	-100.6274
9.3812	-101.3071
9.3859	-102.2877
9.3907	-102.1778
9.3954	-101.3282
9.4002	-102.5952
9.4050	-102.2874
9.4097	-102.3024
9.4145	-103.4052
9.4192	-102.1646
9.4240	-102.4557
9.4287	-102.2906
9.4335	-102.7628
9.4382	-101.6203
9.4430	-102.5642
9.4477	-102.9231
9.4525	-102.1740
9.4572	-102.2869
9.4620	-101.8375
9.4667	-102.5983
9.4715	-103.2713
9.4762	-102.5026
9.4810	-102.8015
9.4857	-102.3394
9.4905	-102.7672
9.4952	-102.8948
9.5000	-102.6051
